	  Radix Sort	Odd-Even Sort	Merge Sort
50000	  0,0029461	4,71014		0,0099938
100000	  0,014874	19,7756231	0,0183198
150000	  0,021771	44,819968	0,0210249
200000	  0,0257449	78,5858281	0,044461
250000	  0,037816	123,9088881	0,055938
300000	  0,0527458	180,599633	0,0680809
350000	  0,0612371	247,445811	0,080704
400000	  0,0692801	322,078167	0,096287
450000	  0,079505	407,6481779	0,1054199
500000	  0,085937	500,295985	0,1167331
550000	  0,0939839	608,7569969	0,1301069
600000	  0,1029351	725,665906	0,1339769
650000	  0,1125219	858,6870129	0,154598
700000	  0,1179771	981,6844389	0,1687701
750000	  0,1277761	1135,180782	0,1807411
800000	  0,137269	1290,785874	0,1936948
850000	  0,1508009	1456,807921	0,20788
900000	  0,1520419	1622,961529	0,2177479
950000	  0,162262	1808,96151	0,2310169
1000000	  0,169507	2015,951953	0,2436101
